Posición (0, 0): [0. 0. 0. 0. 0. 0. 0.]
Posición (0, 1): [0. 0. 0. 0. 0. 0. 0.]
Posición (0, 2): [0. 0. 0. 0. 0. 0. 0.]
Posición (0, 3): [0. 0. 0. 0. 0. 0. 0.]
Posición (0, 4): [0. 0. 0. 0. 0. 0. 0.]
Posición (0, 5): [0. 0. 0. 0. 0. 0. 0.]
Posición (0, 6): [0. 0. 0. 0. 0. 0. 0.]
Posición (0, 7): [0. 0. 0. 0. 0. 0. 0.]
Posición (0, 8): [0. 0. 0. 0. 0. 0. 0.]
Posición (0, 9): [0. 0. 0. 0. 0. 0. 0.]

Posición (1, 0): [0. 0. 0. 0. 0. 0. 0.]
Posición (1, 1): [0. 0. 0. 0. 0. 0. 0.]
Posición (1, 2): [0. 0. 0. 0. 0. 0. 0.]
Posición (1, 3): [0. 0. 0. 0. 0. 0. 0.]
Posición (1, 4): [0. 0. 0. 0. 0. 0. 0.]
Posición (1, 5): [0. 0. 0. 0. 0. 0. 0.]
Posición (1, 6): [0. 0. 0. 0. 0. 0. 0.]
Posición (1, 7): [0. 0. 0. 0. 0. 0. 0.]
Posición (1, 8): [0. 0. 0. 0. 0. 0. 0.]
Posición (1, 9): [0. 0. 0. 0. 0. 0. 0.]

Posición (2, 0): [0. 0. 0. 0. 0. 0. 0.]
Posición (2, 1): [0. 0. 0. 0. 0. 0. 0.]
Posición (2, 2): [0. 0. 0. 0. 0. 0. 0.]
Posición (2, 3): [0. 0. 0. 0. 0. 0. 0.]
Posición (2, 4): [0. 0. 0. 0. 0. 0. 0.]
Posición (2, 5): [0. 0. 0. 0. 0. 0. 0.]
Posición (2, 6): [0. 0. 0. 0. 0. 0. 0.]
Posición (2, 7): [0. 0. 0. 0. 0. 0. 0.]
Posición (2, 8): [0. 0. 0. 0. 0. 0. 0.]
Posición (2, 9): [0. 0. 0. 0. 0. 0. 0.]

Posición (3, 0): [0. 0. 0. 0. 0. 0. 0.]
Posición (3, 1): [0. 0. 0. 0. 0. 0. 0.]
Posición (3, 2): [0. 0. 0. 0. 0. 0. 0.]
Posición (3, 3): [0. 0. 0. 0. 0. 0. 0.]
Posición (3, 4): [0. 0. 0. 0. 0. 0. 0.]
Posición (3, 5): [0. 0. 0. 0. 0. 0. 0.]
Posición (3, 6): [0. 0. 0. 0. 0. 0. 0.]
Posición (3, 7): [0. 0. 0. 0. 0. 0. 0.]
Posición (3, 8): [0. 0. 0. 0. 0. 0. 0.]
Posición (3, 9): [0. 0. 0. 0. 0. 0. 0.]

Posición (4, 0): [0. 0. 0. 0. 0. 0. 0.]
Posición (4, 1): [0. 0. 0. 0. 0. 0. 0.]
Posición (4, 2): [0. 0. 0. 0. 0. 0. 0.]
Posición (4, 3): [0. 0. 0. 0. 0. 0. 0.]
Posición (4, 4): [0. 0. 0. 0. 0. 0. 0.]
Posición (4, 5): [0. 0. 0. 0. 0. 0. 0.]
Posición (4, 6): [0. 0. 0. 0. 0. 0. 0.]
Posición (4, 7): [0. 0. 0. 0. 0. 0. 0.]
Posición (4, 8): [0. 0. 0. 0. 0. 0. 0.]
Posición (4, 9): [0. 0. 0. 0. 0. 0. 0.]

Posición (5, 0): [0. 0. 0. 0. 0. 0. 0.]
Posición (5, 1): [0. 0. 0. 0. 0. 0. 0.]
Posición (5, 2): [0. 0. 0. 0. 0. 0. 0.]
Posición (5, 3): [0. 0. 0. 0. 0. 0. 0.]
Posición (5, 4): [0. 0. 0. 0. 0. 0. 0.]
Posición (5, 5): [0. 0. 0. 0. 0. 0. 0.]
Posición (5, 6): [0. 0. 0. 0. 0. 0. 0.]
Posición (5, 7): [0. 0. 0. 0. 0. 0. 0.]
Posición (5, 8): [0. 0. 0. 0. 0. 0. 0.]
Posición (5, 9): [0. 0. 0. 0. 0. 0. 0.]

Posición (6, 0): [0. 0. 0. 0. 0. 0. 0.]
Posición (6, 1): [0. 0. 0. 0. 0. 0. 0.]
Posición (6, 2): [0. 0. 0. 0. 0. 0. 0.]
Posición (6, 3): [0. 0. 0. 0. 0. 0. 0.]
Posición (6, 4): [0. 0. 0. 0. 0. 0. 0.]
Posición (6, 5): [0. 0. 0. 0. 0. 0. 0.]
Posición (6, 6): [0. 0. 0. 0. 0. 0. 0.]
Posición (6, 7): [0. 0. 0. 0. 0. 0. 0.]
Posición (6, 8): [0. 0. 0. 0. 0. 0. 0.]
Posición (6, 9): [0. 0. 0. 0. 0. 0. 0.]

Posición (7, 0): [0. 0. 0. 0. 0. 0. 0.]
Posición (7, 1): [0. 0. 0. 0. 0. 0. 0.]
Posición (7, 2): [0. 0. 0. 0. 0. 0. 0.]
Posición (7, 3): [0. 0. 0. 0. 0. 0. 0.]
Posición (7, 4): [0. 0. 0. 0. 0. 0. 0.]
Posición (7, 5): [0. 0. 0. 0. 0. 0. 0.]
Posición (7, 6): [0. 0. 0. 0. 0. 0. 0.]
Posición (7, 7): [0. 0. 0. 0. 0. 0. 0.]
Posición (7, 8): [0. 0. 0. 0. 0. 0. 0.]
Posición (7, 9): [0. 0. 0. 0. 0. 0. 0.]

Posición (8, 0): [0. 0. 0. 0. 0. 0. 0.]
Posición (8, 1): [0. 0. 0. 0. 0. 0. 0.]
Posición (8, 2): [0. 0. 0. 0. 0. 0. 0.]
Posición (8, 3): [0. 0. 0. 0. 0. 0. 0.]
Posición (8, 4): [0. 0. 0. 0. 0. 0. 0.]
Posición (8, 5): [0. 0. 0. 0. 0. 0. 0.]
Posición (8, 6): [0. 0. 0. 0. 0. 0. 0.]
Posición (8, 7): [0. 0. 0. 0. 0. 0. 0.]
Posición (8, 8): [0. 0. 0. 0. 0. 0. 0.]
Posición (8, 9): [0. 0. 0. 0. 0. 0. 0.]

Posición (9, 0): [0. 0. 0. 0. 0. 0. 0.]
Posición (9, 1): [0. 0. 0. 0. 0. 0. 0.]
Posición (9, 2): [0. 0. 0. 0. 0. 0. 0.]
Posición (9, 3): [0. 0. 0. 0. 0. 0. 0.]
Posición (9, 4): [0. 0. 0. 0. 0. 0. 0.]
Posición (9, 5): [0. 0. 0. 0. 0. 0. 0.]
Posición (9, 6): [0. 0. 0. 0. 0. 0. 0.]
Posición (9, 7): [0. 0. 0. 0. 0. 0. 0.]
Posición (9, 8): [0. 0. 0. 0. 0. 0. 0.]
Posición (9, 9): [0. 0. 0. 0. 0. 0. 0.]

